[app/ui]
version = 7.3.3
modtime = 1581612003.025561000

[app/launcher]
version = 7.3.3
modtime = 1581612003.027053000

[outputs/tcpout%3Asplunkssl]
version = 7.3.3
modtime = 1581612133.192957000
