[app/ui]
version = 7.3.3
modtime = 1581611736.843377000

[app/launcher]
version = 7.3.3
modtime = 1581611736.844854000

[inputs/SSL]
version = 7.3.3
modtime = 1581612172.992865000
